918792805190
919079838964
919831171231
919831967672
919339937606
918769787144
919435092044
919830055549
919836558588
919706016726
919830027638
919426541185
919829045566
919414114430
919433041315
919352133494
919313897626
919079286172
919413572959
919429419470
918080114141
919685047933
919394712081
919339817041
918401710479
919830432101
919331055283
919831093081
919341075504
919381977277
919840977277
919864252980
919828269945
919414114283
919836042063
919351488819
919509929629
919825588619
917568713646
919829071809
919831139579
919079838964
919978388021
919831628177
918017976957
919830485146
919840249000
919840795000
919830035352
919619593121
919880038407
919314512591
919314507782
919375550202
919312660905
919322255978
919833291928
919303224051
919830432101
919351838261
917014165696
917022264066
919830041316
919830046990
919448381540
919088155000
917024148933
919820250391
919414056061
919331078188
919351376757
919352076757
917073069773
919314511302
919314043160
919887443170
918949813405
917014575891
919830526555
917014011312
919674284808
919435116726
918584873606
919341285579
919986027638
919902644558
919972247165
919602033684
919314505581
919821051828
919339869473
919330898514
919312674520
917899884808
919352662414
919903658583